L	0.1709	2.5217	1477010443000000	0.0000	2.7500	0.0000	1.0000
R	2.6537	1.6003	1.1737	1477010443400000	-0.0220	3.0991	-0.1097	0.9940
L	0.0140	3.5442	1477010443800000	-0.0938	3.4924	-0.2334	0.9724
R	4.1281	1.6728	1.1452	1477010444200000	-0.2143	3.8735	-0.3535	0.9354
L	-0.6162	4.0628	1477010444600000	-0.3817	4.2365	-0.4679	0.8838
R	5.1759	1.7210	0.6785	1477010445000000	-0.5932	4.5757	-0.5750	0.8181
L	-0.6977	4.8441	1477010445400000	-0.8456	4.8857	-0.6730	0.7396
R	5.2037	1.7600	1.5288	1477010445800000	-1.1348	5.1616	-0.7604	0.6494
L	-1.4412	5.3305	1477010446200000	-1.4564	5.3991	-0.8358	0.5490
R	5.8140	1.8853	0.6627	1477010446600000	-1.8051	5.5945	-0.8980	0.4399
L	-2.2799	5.8278	1477010447000000	-2.1756	5.7445	-0.9461	0.3239
R	5.9044	2.0683	1.3263	1477010447400000	-2.5620	5.8470	-0.9792	0.2028
L	-2.5918	6.0257	1477010447800000	-2.9582	5.9002	-0.9969	0.0785
R	6.3817	2.1165	1.2096	1477010448200000	-3.3579	5.9033	-0.9989	-0.0471
L	-3.6676	5.9692	1477010448600000	-3.7549	5.8563	-0.9851	-0.1719
R	6.8225	2.2111	0.6830	1477010449000000	-4.1429	5.7600	-0.9558	-0.2940
L	-4.8944	5.7424	1477010449400000	-4.5157	5.6157	-0.9114	-0.4115
R	6.9925	2.2969	0.1927	1477010449800000	-4.8675	5.4259	-0.8526	-0.5225
L	-5.1043	4.8485	1477010450200000	-5.1927	5.1935	-0.7804	-0.6252
R	7.8751	2.4054	-0.4257	1477010450600000	-5.4863	4.9222	-0.6959	-0.7181
L	-5.6589	4.5805	1477010451000000	-5.7435	4.6162	-0.6004	-0.7997
R	7.2265	2.5360	0.0781	1477010451400000	-5.9603	4.2804	-0.4955	-0.8686
L	-6.0564	4.1742	1477010451800000	-6.1333	3.9200	-0.3827	-0.9239
R	6.9649	2.6345	-0.0273	1477010452200000	-6.2599	3.5408	-0.2639	-0.9646
L	-6.2991	3.0066	1477010452600000	-6.3378	3.1487	-0.1409	-0.9900
R	6.6628	2.7207	-0.0665	1477010453000000	-6.3661	2.7500	-0.0157	-0.9999
L	-6.2656	2.1544	1477010453400000	-6.3441	2.3509	0.1097	-0.9940
R	6.3678	2.8474	-0.5578	1477010453800000	-6.2723	1.9576	0.2334	-0.9724
L	-6.1869	1.6357	1477010454200000	-6.1518	1.5765	0.3535	-0.9355
R	6.2394	2.9573	-0.3114	1477010454600000	-5.9844	1.2135	0.4679	-0.8838
L	-5.8276	0.9939	1477010455000000	-5.7729	0.8743	0.5750	-0.8182
R	5.7640	2.9984	-0.5369	1477010455400000	-5.5205	0.5643	0.6730	-0.7396
L	-4.8515	0.4003	1477010455800000	-5.2312	0.2884	0.7604	-0.6495
R	5.1517	3.1567	-0.6585	1477010456200000	-4.9097	0.0509	0.8358	-0.5490
L	-4.6596	-0.2054	1477010456600000	-4.5609	-0.1444	0.8980	-0.4400
R	4.0737	-3.0503	-1.3120	1477010457000000	-4.1904	-0.2945	0.9461	-0.3239
L	-3.8889	-0.4492	1477010457400000	-3.8040	-0.3970	0.9792	-0.2028
R	3.3774	-3.0206	-0.9127	1477010457800000	-3.4079	-0.4502	0.9969	-0.0785
L	-3.1084	-0.3911	1477010458200000	-3.0081	-0.4533	0.9989	0.0471
R	3.0315	-2.9950	-0.8585	1477010458600000	-2.6112	-0.4063	0.9851	0.1719
L	-2.2816	-0.3228	1477010459000000	-2.2232	-0.3100	0.9558	0.2940
R	1.7752	-3.0402	-0.9695	1477010459400000	-1.8504	-0.1657	0.9114	0.4115
L	-1.3764	-0.2493	1477010459800000	-1.4986	0.0241	0.8527	0.5225
R	0.9382	2.9326	-0.9733	1477010460200000	-1.1734	0.2565	0.7804	0.6252
L	-0.9025	0.1578	1477010460600000	-0.8798	0.5278	0.6959	0.7181
R	1.0709	2.1973	0.6130	1477010461000000	-0.6226	0.8338	0.6004	0.7997
L	-0.1706	1.2036	1477010461400000	-0.4058	1.1697	0.4955	0.8686
R	0.8240	1.7217	1.5550	1477010461800000	-0.2327	1.5300	0.3827	0.9239
L	0.0282	1.9765	1477010462200000	-0.1062	1.9092	0.2639	0.9645
R	2.4598	1.5259	1.4118	1477010462600000	-0.0282	2.3013	0.1409	0.9900
L	-0.0694	2.7650	1477010463000000	0.0000	2.7000	0.0157	0.9999
R	3.3701	1.5658	0.8218	1477010463400000	0.0110	3.0997	0.0785	0.9969
L	-0.0214	3.5241	1477010463800000	0.0704	3.4949	0.2028	0.9792
R	4.1276	1.5009	0.5630	1477010464200000	0.1789	3.8797	0.3240	0.9461
L	0.0206	4.1971	1477010464600000	0.3348	4.2478	0.4400	0.8980
R	4.8967	1.4759	1.2575	1477010465000000	0.5356	4.5934	0.5491	0.8358
L	0.7280	4.9873	1477010465400000	0.7781	4.9112	0.6495	0.7604
R	4.8610	1.3664	0.3438	1477010465800000	1.0585	5.1961	0.7397	0.6730
L	1.4804	5.6961	1477010466200000	1.3724	5.4436	0.8182	0.5750
R	6.2556	1.2886	0.4679	1477010466600000	1.7149	5.6497	0.8838	0.4679
L	2.0996	5.7274	1477010467000000	2.0805	5.8114	0.9355	0.3534
R	6.3464	1.1720	0.3199	1477010467400000	2.4635	5.9259	0.9724	0.2334
L	2.9335	6.0044	1477010467800000	2.8578	5.9915	0.9940	0.1097
R	6.7503	1.1113	0.8100	1477010468200000	3.2572	6.0072	0.9999	-0.0157
L	3.4743	6.1813	1477010468600000	3.6555	5.9727	0.9900	-0.1409
R	6.7125	0.9867	0.5346	1477010469000000	4.0463	5.8886	0.9646	-0.2639
L	4.2059	5.8251	1477010469400000	4.4234	5.7562	0.9239	-0.3827
R	7.7877	0.8861	-0.2227	1477010469800000	4.7810	5.5775	0.8686	-0.4955
L	5.1965	5.4493	1477010470200000	5.1134	5.3554	0.7997	-0.6004
R	7.5524	0.7866	0.2798	1477010470600000	5.4153	5.0934	0.7181	-0.6959
L	5.6424	4.7157	1477010471000000	5.6820	4.7956	0.6252	-0.7804
R	7.6238	0.7285	0.1233	1477010471400000	5.9093	4.4668	0.5225	-0.8527
L	5.8030	4.0573	1477010471800000	6.0936	4.1121	0.4115	-0.9114
R	7.2911	0.5624	-0.4958	1477010472200000	6.2319	3.7370	0.2940	-0.9558
L	6.4573	3.3690	1477010472600000	6.3222	3.3476	0.1719	-0.9851
R	6.6163	0.4451	-0.4085	1477010473000000	6.3629	2.9500	0.0471	-0.9989
L	6.3972	2.5503	1477010473400000	6.3535	2.5503	-0.0785	-0.9969
R	6.4690	0.3357	-0.5682	1477010473800000	6.2941	2.1550	-0.2028	-0.9792
L	5.9762	1.5152	1477010474200000	6.1856	1.7703	-0.3239	-0.9461
R	6.5975	0.2854	-0.4138	1477010474600000	6.0297	1.4022	-0.4400	-0.8980
L	5.7980	1.0719	1477010475000000	5.8289	1.0565	-0.5490	-0.8358
R	5.4868	0.0988	-1.2439	1477010475400000	5.5864	0.7388	-0.6495	-0.7604
L	5.3482	0.4016	1477010475800000	5.3060	0.4539	-0.7396	-0.6730
R	4.9427	-0.0156	-0.7534	1477010476200000	4.9920	0.2064	-0.8182	-0.5750
L	4.4759	0.0118	1477010476600000	4.6496	0.0002	-0.8838	-0.4679
R	3.7883	-0.0230	-1.9353	1477010477000000	4.2840	-0.1614	-0.9354	-0.3535
L	3.9975	-0.3553	1477010477400000	3.9010	-0.2759	-0.9724	-0.2334
R	3.6902	-0.1045	-1.3892	1477010477800000	3.5067	-0.3416	-0.9940	-0.1097
L	3.1244	-0.2045	1477010478200000	3.1072	-0.3573	-0.9999	0.0157
R	2.3360	-0.0583	-1.5394	1477010478600000	2.7090	-0.3228	-0.9900	0.1409
L	2.2338	-0.2940	1477010479000000	2.3182	-0.2386	-0.9646	0.2639
R	1.8471	-0.0506	-0.8818	1477010479400000	1.9410	-0.1062	-0.9239	0.3827
L	1.2300	0.0053	1477010479800000	1.5835	0.0725	-0.8686	0.4955
R	1.4137	0.2463	-0.3632	1477010480200000	1.2511	0.2946	-0.7997	0.6004
L	0.7136	0.7464	1477010480600000	0.9492	0.5566	-0.7181	0.6959
R	1.0409	0.8786	0.2108	1477010481000000	0.6825	0.8543	-0.6252	0.7804
L	0.3194	1.1831	1477010481400000	0.4552	1.1832	-0.5225	0.8526
R	1.3623	1.3660	1.2511	1477010481800000	0.2709	1.5379	-0.4115	0.9114
L	0.0465	1.9163	1477010482200000	0.1326	1.9129	-0.2940	0.9558
R	2.1841	1.5458	0.8674	1477010482600000	0.0423	2.3024	-0.1719	0.9851
L	0.1217	2.7372	1477010483000000	0.0016	2.7000	-0.0471	0.9989
