time_stamp	px_state	py_state	v_state	yaw_angle_state	yaw_rate_state	sensor_type	NIS	px_measured	py_measured	px_ground_truth	py_ground_truth	vx_ground_truth	vy_ground_truth
1477010443000000	0.1709	2.5217	0	0	0	lidar	0	0.1709	2.5217	0	2.75	0	1
1477010443400000	0.640964	2.88745	0.863546	-8.30346e-18	-1.92999e-17	radar	8.06412	-0.0782824	2.65255	-0.022	3.0991	-0.1097	0.994
1477010443800000	0.0255595	3.48772	0.250419	0.457838	0.204792	lidar	0.0121597	0.014	3.5442	-0.0938	3.4924	-0.2334	0.9724
1477010444200000	-0.180851	3.71924	0.273565	1.4518	0.687383	radar	4.28219	-0.420351	4.10664	-0.2143	3.8735	-0.3535	0.9354
1477010444600000	-0.365974	3.99052	0.667609	2.9831	1.25233	lidar	1.55871	-0.6162	4.0628	-0.3817	4.2365	-0.4679	0.8838
1477010445000000	-0.663477	4.41415	1.42417	1.74205	0.499794	radar	8.49481	-0.774519	5.11762	-0.5932	4.5757	-0.575	0.8181
1477010445400000	-0.701823	4.84305	1.43318	1.88279	0.477583	lidar	0.000108329	-0.6977	4.8441	-0.8456	4.8857	-0.673	0.7396
1477010445800000	-0.997413	5.29627	1.68366	2.1734	0.511436	radar	0.248209	-0.978695	5.11084	-1.1348	5.1616	-0.7604	0.6494
1477010446200000	-1.44156	5.42684	1.08861	2.56336	0.621479	lidar	0.0882034	-1.4412	5.3305	-1.4564	5.3991	-0.8358	0.549
1477010446600000	-1.81828	5.58891	1.08328	2.82873	0.631409	radar	0.0424255	-1.79853	5.52882	-1.8051	5.5945	-0.898	0.4399
1477010447000000	-2.27393	5.77347	1.25617	2.98085	0.568908	lidar	0.0409108	-2.2799	5.8278	-2.1756	5.7445	-0.9461	0.3239
1477010447400000	-3.05438	5.75952	2.32986	-3.0869	0.531585	radar	4.79205	-2.81778	5.18865	-2.562	5.847	-0.9792	0.2028
1477010447800000	-2.78523	5.99436	-0.229096	3.12978	0.365314	lidar	0.244688	-2.5918	6.0257	-2.9582	5.9002	-0.9969	0.0785
1477010448200000	-3.42131	5.87414	1.96211	-2.89262	0.431427	radar	5.20785	-3.31223	5.45484	-3.3579	5.9033	-0.9989	-0.0471
1477010448600000	-3.72476	5.87949	0.940842	-2.85325	0.359012	lidar	0.113386	-3.6676	5.9692	-3.7549	5.8563	-0.9851	-0.1719
1477010449000000	-4.23193	5.69209	1.50698	-2.75007	0.315887	radar	1.66214	-4.07603	5.47106	-4.1429	5.76	-0.9558	-0.294
1477010449400000	-4.8508	5.65474	1.50002	-2.82447	0.213257	lidar	0.121391	-4.8944	5.7424	-4.5157	5.6157	-0.9114	-0.4115
1477010449800000	-4.99634	5.48399	0.668981	-2.6607	0.247946	radar	1.63397	-4.64275	5.22876	-4.8675	5.4259	-0.8526	-0.5225
1477010450200000	-5.19387	5.01499	0.892789	-2.31659	0.36307	lidar	0.636306	-5.1043	4.8485	-5.1927	5.1935	-0.7804	-0.6252
1477010450600000	-5.43056	4.83515	0.865949	-2.18256	0.387061	radar	4.8239	-5.83569	5.2879	-5.4863	4.9222	-0.6959	-0.7181
1477010451000000	-5.63986	4.56638	0.868377	-2.06088	0.370741	lidar	0.010268	-5.6589	4.5805	-5.7435	4.6162	-0.6004	-0.7997
1477010451400000	-5.88773	4.18893	0.955607	-2.02056	0.302907	radar	0.510865	-5.94137	4.11368	-5.9603	4.2804	-0.4955	-0.8686
1477010451800000	-6.01762	4.11421	0.449512	-1.97955	0.267189	lidar	0.0705786	-6.0564	4.1742	-6.1333	3.92	-0.3827	-0.9239
1477010452200000	-6.19958	3.62156	1.09558	-1.88399	0.253035	radar	1.15807	-6.08844	3.38242	-6.2599	3.5408	-0.2639	-0.9646
1477010452600000	-6.31899	3.03825	1.43396	-1.72915	0.276861	lidar	0.0157916	-6.2991	3.0066	-6.3378	3.1487	-0.1409	-0.99
1477010453000000	-6.30687	2.74787	0.660007	-1.61578	0.263406	radar	0.717639	-6.0813	2.72226	-6.3661	2.75	-0.0157	-0.9999
1477010453400000	-6.30213	2.19918	1.24998	-1.49468	0.264141	lidar	0.0413498	-6.2656	2.1544	-6.3441	2.3509	0.1097	-0.994
1477010453800000	-6.17914	1.81867	1.08148	-1.31255	0.307856	radar	0.0696825	-6.09422	1.84645	-6.2723	1.9576	0.2334	-0.9724
1477010454200000	-6.14501	1.60596	0.63269	-1.21228	0.301434	lidar	0.0318346	-6.1869	1.6357	-6.1518	1.5765	0.3535	-0.9355
1477010454600000	-6.05998	1.24078	0.757533	-1.16695	0.259856	radar	0.292296	-6.13374	1.14338	-5.9844	1.2135	0.4679	-0.8838
1477010455000000	-5.87117	0.980814	0.78924	-0.991853	0.294158	lidar	0.0380689	-5.8276	0.9939	-5.7729	0.8743	0.575	-0.8182
1477010455400000	-5.69514	0.795071	0.725051	-0.836496	0.314685	radar	0.00618757	-5.70501	0.822545	-5.5205	0.5643	0.673	-0.7396
1477010455800000	-5.0432	0.392126	1.72972	-0.459228	0.42203	lidar	0.542676	-4.8515	0.4003	-5.2312	0.2884	0.7604	-0.6495
1477010456200000	-5.03558	-0.453766	1.20504	-1.24004	-0.19389	radar	13.2636	-5.15111	-0.077825	-4.9097	0.0509	0.8358	-0.549
1477010456600000	-4.85693	-0.275685	0.797331	-0.673699	0.17888	lidar	1.06185	-4.6596	-0.2054	-4.5609	-0.1444	0.898	-0.44
1477010457000000	-4.27467	-0.410388	1.45599	-0.359944	0.293566	radar	0.402394	-4.05674	-0.371383	-4.1904	-0.2945	0.9461	-0.3239
1477010457400000	-3.85721	-0.487901	1.07021	-0.22	0.305059	lidar	0.0288968	-3.8889	-0.4492	-3.804	-0.397	0.9792	-0.2028
1477010457800000	-3.45038	-0.442927	0.952232	0.00796184	0.350251	radar	0.105204	-3.35271	-0.407644	-3.4079	-0.4502	0.9969	-0.0785
1477010458200000	-3.10041	-0.405021	0.889466	0.158035	0.355778	lidar	0.00563209	-3.1084	-0.3911	-3.0081	-0.4533	0.9989	0.0471
1477010458600000	-2.83555	-0.399979	0.834866	0.233883	0.320732	radar	0.238973	-2.99899	-0.442806	-2.6112	-0.4063	0.9851	0.1719
1477010459000000	-2.33955	-0.289365	1.21616	0.327694	0.300719	lidar	0.0807382	-2.2816	-0.3228	-2.2232	-0.31	0.9558	0.294
1477010459400000	-1.86846	-0.0908074	1.18606	0.459637	0.308321	radar	0.143505	-1.76608	-0.179684	-1.8504	-0.1657	0.9114	0.4115
1477010459800000	-1.42198	-0.168283	1.06706	0.281482	0.154521	lidar	0.095109	-1.3764	-0.2493	-1.4986	0.0241	0.8527	0.5225
1477010460200000	-0.976662	-0.0475363	1.13861	0.323794	0.14484	radar	8.25584	-0.917785	0.194653	-1.1734	0.2565	0.7804	0.6252
1477010460600000	-0.823763	0.132994	0.625583	0.472877	0.189376	lidar	0.0765507	-0.9025	0.1578	-0.8798	0.5278	0.6959	0.7181
1477010461000000	-0.893152	0.18948	-0.395335	0.643385	0.24839	radar	1.2815	-0.627886	0.867517	-0.6226	0.8338	0.6004	0.7997
1477010461400000	-0.115072	0.988761	1.56189	1.04313	0.36338	lidar	1.11768	-0.1706	1.2036	-0.4058	1.1697	0.4955	0.8686
1477010461800000	-0.211087	1.35471	1.39239	1.45291	0.51372	radar	2.90453	-0.123873	0.814636	-0.2327	1.53	0.3827	0.9239
1477010462200000	-0.101749	1.9564	1.65514	1.51529	0.428894	lidar	0.429922	0.0282	1.9765	-0.1062	1.9092	0.2639	0.9645
1477010462600000	0.0993918	2.51221	1.43755	1.47032	0.313024	radar	0.0211481	0.110399	2.45732	-0.0282	2.3013	0.1409	0.99
1477010463000000	0.0364924	2.83353	0.843828	1.66642	0.35905	lidar	0.323565	-0.0694	2.765	0	2.7	0.0157	0.9999
1477010463400000	-0.000360031	3.22679	0.88606	1.78463	0.34355	radar	855.408	0.0168382	3.37006	0.011	3.0997	0.0785	0.9969
1477010463800000	-0.0650087	3.5281	0.780992	1.88914	0.322359	lidar	0.0496341	-0.0214	3.5241	0.0704	3.4949	0.2028	0.9792
1477010464200000	0.0939119	3.8167	0.53484	1.6927	0.128764	radar	1.76115	0.288269	4.11752	0.1789	3.8797	0.324	0.9461
1477010464600000	0.035807	4.16033	0.844062	1.74518	0.131226	lidar	0.0169894	0.0206	4.1971	0.3348	4.2478	0.44	0.898
1477010465000000	0.214918	4.66609	1.21885	1.40169	-0.0794831	radar	1.56439	0.463981	4.87467	0.5356	4.5934	0.5491	0.8358
1477010465400000	0.563289	5.02486	1.0828	1.0585	-0.244285	lidar	0.480335	0.728	4.9873	0.7781	4.9112	0.6495	0.7604
1477010465800000	0.907484	5.08848	0.533452	0.698174	-0.381513	radar	1.10291	0.986667	4.75981	1.0585	5.1961	0.7397	0.673
1477010466200000	1.40398	5.57753	1.64012	0.525874	-0.393278	lidar	0.204029	1.4804	5.6961	1.3724	5.4436	0.8182	0.575
1477010466600000	1.74768	5.8025	0.885858	0.400823	-0.381555	radar	0.469639	1.74197	6.00817	1.7149	5.6497	0.8838	0.4679
1477010467000000	2.08966	5.79089	0.809454	0.158146	-0.424306	lidar	0.0674424	2.0996	5.7274	2.0805	5.8114	0.9355	0.3534
1477010467400000	2.44107	5.81477	0.854037	-0.0231884	-0.43196	radar	0.0122261	2.46437	5.84839	2.4635	5.9259	0.9724	0.2334
1477010467800000	2.90434	5.90818	1.13036	-0.0625543	-0.368601	lidar	0.174897	2.9335	6.0044	2.8578	5.9915	0.994	0.1097
1477010468200000	3.17485	6.02569	0.976896	0.00910728	-0.231926	radar	1.21937	2.99374	6.05013	3.2572	6.0072	0.9999	-0.0157
1477010468600000	3.47896	6.11989	0.81888	0.0314955	-0.176739	lidar	0.0583115	3.4743	6.1813	3.6555	5.9727	0.99	-0.1409
1477010469000000	3.85562	5.99228	1.04063	-0.163295	-0.232868	radar	1.80023	3.70158	5.59964	4.0463	5.8886	0.9646	-0.2639
1477010469400000	4.21727	5.85106	0.984759	-0.3041	-0.255566	lidar	0.012231	4.2059	5.8251	4.4234	5.7562	0.9239	-0.3827
1477010469800000	4.58487	5.71834	0.676884	-0.473274	-0.319298	radar	3.36716	4.92524	6.03244	4.781	5.5775	0.8686	-0.4955
1477010470200000	5.135	5.44042	1.39229	-0.593497	-0.321301	lidar	0.0407862	5.1965	5.4493	5.1134	5.3554	0.7997	-0.6004
1477010470600000	5.41871	5.28491	0.907589	-0.648454	-0.27448	radar	0.222058	5.33393	5.34677	5.4153	5.0934	0.7181	-0.6959
1477010471000000	5.69935	4.80777	1.19618	-0.914776	-0.34498	lidar	0.195835	5.6424	4.7157	5.682	4.7956	0.6252	-0.7804
1477010471400000	5.71575	4.85701	0.0172191	-0.968195	-0.296669	radar	0.330774	5.68868	5.07555	5.9093	4.4668	0.5225	-0.8527
1477010471800000	5.93471	4.23382	1.2528	-1.21888	-0.339601	lidar	1.05658	5.803	4.0573	6.0936	4.1121	0.4115	-0.9114
1477010472200000	6.0589	3.79073	1.27769	-1.38194	-0.363015	radar	0.21686	6.16811	3.88775	6.2319	3.737	0.294	-0.9558
1477010472600000	6.34967	3.33392	1.26698	-1.32984	-0.271322	lidar	0.196134	6.4573	3.369	6.3222	3.3476	0.1719	-0.9851
1477010473000000	6.27821	2.92753	1.00449	-1.57516	-0.340748	radar	0.884319	5.97166	2.84864	6.3629	2.95	0.0471	-0.9989
1477010473400000	6.34655	2.54421	0.982065	-1.64032	-0.308438	lidar	0.0429539	6.3972	2.5503	6.3535	2.5503	-0.0785	-0.9969
1477010473800000	6.23679	2.14531	1.08198	-1.82587	-0.343449	radar	0.163202	6.1079	2.13108	6.2941	2.155	-0.2028	-0.9792
1477010474200000	6.02073	1.54737	1.53026	-1.99604	-0.355899	lidar	0.0361048	5.9762	1.5152	6.1856	1.7703	-0.3239	-0.9461
1477010474600000	5.97981	1.58253	0.329939	-2.16952	-0.383297	radar	1.99848	6.33063	1.85747	6.0297	1.4022	-0.44	-0.898
1477010475000000	5.79475	1.16057	1.08137	-2.2217	-0.327806	lidar	0.0919434	5.798	1.0719	5.8289	1.0565	-0.549	-0.8358
1477010475400000	5.41649	0.607467	1.69732	-2.28115	-0.292603	radar	0.0826919	5.46004	0.541214	5.5864	0.7388	-0.6495	-0.7604
1477010475800000	5.25605	0.351832	0.874965	-2.34958	-0.273507	lidar	0.110235	5.3482	0.4016	5.306	0.4539	-0.7396	-0.673
1477010476200000	4.94514	-0.0171004	1.11819	-2.40031	-0.241526	radar	0.0879829	4.9421	-0.077103	4.992	0.2064	-0.8182	-0.575
1477010476600000	4.53594	-0.0939158	0.844992	-2.69489	-0.346828	lidar	0.237895	4.4759	0.0118	4.6496	0.0002	-0.8838	-0.4679
1477010477000000	3.90936	-0.166799	1.87273	-3.03471	-0.46058	radar	0.29424	3.7873	-0.0871232	4.284	-0.1614	-0.9354	-0.3535
1477010477400000	3.81084	-0.303	0.48137	-3.01349	-0.364099	lidar	0.388576	3.9975	-0.3553	3.901	-0.2759	-0.9724	-0.2334
1477010477800000	3.45537	-0.355109	1.2767	-3.13561	-0.355897	radar	0.485542	3.67007	-0.384924	3.5067	-0.3416	-0.994	-0.1097
1477010478200000	3.08569	-0.261375	0.97657	2.93454	-0.398007	lidar	0.0839009	3.1244	-0.2045	3.1072	-0.3573	-0.9999	0.0157
1477010478600000	2.46594	-0.144173	1.62652	2.82523	-0.370074	radar	0.157598	2.33203	-0.136112	2.709	-0.3228	-0.99	0.1409
1477010479000000	2.17247	-0.134637	0.74768	2.83166	-0.270387	lidar	0.501712	2.2338	-0.294	2.3182	-0.2386	-0.9646	0.2639
1477010479400000	1.85457	-0.105364	0.913401	2.81771	-0.215557	radar	0.00459844	1.84474	-0.0934234	1.941	-0.1062	-0.9239	0.3827
1477010479800000	1.29983	0.0409295	1.35063	2.79478	-0.181177	lidar	0.107149	1.23	0.0053	1.5835	0.0725	-0.8686	0.4955
1477010480200000	1.05155	0.23223	0.831797	2.63402	-0.235975	radar	0.982788	1.37104	0.344685	1.2511	0.2946	-0.7997	0.6004
1477010480600000	0.677352	0.598133	1.89719	2.45245	-0.270786	lidar	0.516915	0.7136	0.7464	0.9492	0.5566	-0.7181	0.6959
1477010481000000	0.685587	0.838446	0.9007	2.27077	-0.305602	radar	0.0381114	0.664333	0.801333	0.6825	0.8543	-0.6252	0.7804
1477010481400000	0.393938	1.18102	1.29777	2.16746	-0.29611	lidar	0.129528	0.3194	1.1831	0.4552	1.1832	-0.5225	0.8526
1477010481800000	0.275219	1.50982	1.26196	1.99195	-0.335959	radar	0.606284	0.277048	1.33383	0.2709	1.5379	-0.4115	0.9114
1477010482200000	0.0844933	1.93632	1.23444	1.88759	-0.317387	lidar	0.0488016	0.0465	1.9163	0.1326	1.9129	-0.294	0.9558
1477010482600000	0.0393585	2.26464	0.875049	1.72764	-0.338254	radar	0.059767	0.0545889	2.18342	0.0423	2.3024	-0.1719	0.9851
1477010483000000	0.0422778	2.70555	1.033	1.53275	-0.37555	lidar	0.206293	0.1217	2.7372	0.0016	2.7	-0.0471	0.9989
